003 1.000 288.8 425.4 317.8 479.8 
018 1.000 1870.1 650.4 2286.3 1082.4 
018 1.000 2447.5 3935.1 2792.7 4671.7 
018 1.000 2474.0 3957.4 2758.5 4625.4 
036 1.000 605.6 444.5 888.5 746.8 
043 1.000 514.1 286.2 2618.5 2362.8 
043 1.000 598.2 313.8 2425.9 1775.8 
043 1.000 723.4 143.2 2560.8 2092.0 
043 1.000 693.8 255.1 2557.6 1874.7 
038 1.000 2418.3 40.5 2872.5 547.1 
038 1.000 3078.6 2619.2 4646.2 4516.5 
056 1.000 429.2 77.6 495.1 158.8 
056 1.000 424.7 84.9 486.0 160.6 
067 1.000 1505.0 461.8 1987.4 945.4 
067 1.000 1539.0 447.8 1978.6 962.1 
067 1.000 1526.6 446.6 2000.8 978.0 
067 1.000 1537.8 468.8 1961.4 1000.5 
067 1.000 1559.2 442.8 1955.4 838.8 
074 1.000 901.5 481.6 1356.8 1010.3 
074 1.000 879.4 460.9 1346.6 1032.6 
074 1.000 907.6 466.2 1334.6 1007.7 
074 1.000 864.2 496.3 1331.7 1005.5 
074 1.000 917.3 357.9 1354.6 850.5 
