003 1.000 287.7 424.7 317.9 478.0 
003 1.000 288.4 425.7 317.1 478.7 
018 1.000 1892.1 647.2 2308.4 1070.0 
018 1.000 2446.6 3936.8 2794.1 4672.7 
018 1.000 2449.1 3930.1 2793.7 4670.3 
018 1.000 1890.5 651.6 2288.7 1053.7 
018 1.000 1902.2 644.0 2274.2 1044.6 
018 1.000 4782.0 4863.5 4785.6 4867.7 
018 1.000 1908.7 638.1 2321.2 1098.0 
018 1.000 1927.0 611.4 2336.9 1079.6 
018 1.000 2471.1 3969.9 2758.0 4629.0 
018 1.000 2480.2 3950.7 2763.2 4627.6 
018 1.000 1875.8 643.0 2361.7 1045.5 
018 1.000 1922.2 656.6 2308.0 1069.2 
018 1.000 1934.5 652.7 2313.2 1065.8 
036 1.000 609.6 477.8 877.5 732.0 
036 1.000 608.2 462.6 873.7 741.1 
036 1.000 607.5 481.1 875.8 743.6 
036 1.000 594.5 459.4 875.5 746.5 
036 1.000 596.2 460.9 871.7 745.5 
036 1.000 604.9 453.0 903.7 753.9 
036 1.000 630.1 466.4 870.0 719.8 
036 1.000 603.4 488.6 894.7 729.4 
036 1.000 587.1 487.5 891.1 733.7 
036 1.000 587.8 478.4 872.7 744.7 
036 1.000 605.5 461.6 873.1 738.2 
036 1.000 631.9 476.8 884.7 734.7 
036 1.000 629.4 485.6 857.6 756.3 
043 1.000 580.1 398.3 2666.5 2931.6 
043 1.000 587.1 326.2 2406.4 1781.0 
043 1.000 579.0 313.4 2411.6 1763.4 
043 1.000 648.0 200.0 2601.4 2329.8 
043 1.000 655.3 302.7 2519.7 2027.8 
043 1.000 661.0 300.4 2519.8 2005.7 
043 1.000 622.5 398.2 2483.3 2045.4 
043 1.000 717.2 288.2 2434.9 1776.8 
043 1.000 724.3 287.3 2466.3 1761.6 
043 1.000 566.3 308.6 2711.2 2891.0 
043 1.000 619.2 122.6 2741.6 2452.4 
043 1.000 576.9 139.8 2682.3 2475.8 
043 1.000 705.7 107.0 2803.0 2510.5 
043 1.000 709.1 144.0 2596.7 2101.7 
043 1.000 701.1 176.0 2571.2 2112.7 
043 1.000 733.0 9.2 2625.7 2053.3 
043 1.000 717.0 483.7 2718.6 2617.5 
043 1.000 543.7 323.9 2803.2 2754.7 
043 1.000 538.7 379.0 2948.2 2425.2 
043 1.000 490.3 388.4 2801.8 2349.1 
043 1.000 766.9 307.1 2448.2 2041.2 
043 1.000 642.2 188.2 2591.1 2676.7 
043 1.000 821.0 630.6 2026.1 1739.3 
043 1.000 843.3 696.8 2046.6 1734.5 
043 1.000 645.6 161.9 2526.4 2084.6 
043 1.000 621.0 98.0 2489.1 2063.9 
043 1.000 710.1 381.7 2714.4 2511.2 
043 1.000 706.4 445.4 2649.9 2502.6 
043 1.000 670.1 249.6 2583.5 2148.7 
043 1.000 660.4 275.3 2553.7 2150.0 
043 1.000 623.0 317.0 2534.4 2164.4 
043 1.000 696.8 370.9 2629.6 2396.4 
043 1.000 682.2 322.0 2406.1 2025.4 
043 1.000 680.5 317.8 2399.5 2019.5 
043 1.000 697.3 321.8 2374.4 2008.1 
043 1.000 784.7 233.7 2589.9 2682.9 
043 1.000 797.2 218.5 2594.5 2708.0 
043 1.000 678.4 125.8 2547.9 2078.4 
043 1.000 687.8 69.6 2544.8 2072.1 
043 1.000 592.3 406.7 2643.4 2839.1 
043 1.000 762.9 661.4 2073.8 1769.6 
043 1.000 675.7 242.2 2573.5 1834.6 
043 1.000 662.5 126.6 2627.5 1856.7 
038 1.000 2424.1 74.0 2836.8 621.1 
038 1.000 2416.0 87.5 2884.6 623.6 
038 1.000 2417.5 50.6 2879.6 580.3 
038 1.000 7228.9 6719.5 7230.8 6720.9 
038 1.000 2410.6 39.7 2913.7 614.0 
038 1.000 2416.8 76.1 2848.4 622.3 
038 1.000 2432.4 0.6 2829.8 433.6 
038 1.000 2418.3 84.0 2880.9 553.1 
038 1.000 2438.9 63.3 2838.0 450.3 
038 1.000 2419.2 43.8 2893.2 550.7 
056 1.000 426.6 82.3 488.3 154.8 
056 1.000 428.3 86.6 487.1 167.1 
056 1.000 428.8 85.4 483.7 160.8 
056 1.000 422.5 77.7 493.2 153.3 
056 1.000 427.0 84.5 495.7 159.1 
056 1.000 426.9 84.4 490.7 157.4 
056 1.000 414.5 72.1 498.0 147.1 
056 1.000 426.2 77.4 493.5 156.1 
056 1.000 427.1 84.0 485.6 157.5 
056 1.000 427.5 84.8 485.7 157.8 
056 1.000 423.9 81.0 491.0 161.3 
056 1.000 425.6 85.2 495.7 158.9 
056 1.000 429.0 82.5 483.3 157.6 
056 1.000 425.7 80.1 484.8 136.3 
067 1.000 1507.8 437.7 2035.9 924.1 
067 1.000 1547.5 455.0 1992.8 954.2 
067 1.000 1543.4 454.3 1987.9 954.7 
067 1.000 1542.2 442.7 1984.8 946.0 
067 1.000 1548.9 466.3 1961.9 1012.0 
067 1.000 1550.1 467.7 1960.1 1010.1 
067 1.000 1554.2 478.4 1947.1 1023.8 
067 1.000 1471.7 415.0 1958.3 897.9 
067 1.000 1515.0 478.4 2015.8 1043.0 
067 1.000 1541.4 461.9 2006.5 999.4 
067 1.000 1538.9 451.6 1973.7 988.3 
067 1.000 1541.0 427.3 1999.0 970.2 
067 1.000 1535.2 433.8 1982.8 987.6 
067 1.000 1525.4 436.2 1986.8 983.3 
067 1.000 1552.7 458.5 1950.0 834.8 
067 1.000 1525.5 444.4 2006.1 974.8 
067 1.000 1538.1 468.9 1961.8 1000.0 
067 1.000 1540.7 459.3 1965.9 984.3 
067 1.000 1532.0 448.0 1988.5 1020.9 
067 1.000 1532.3 422.2 1997.7 1003.4 
067 1.000 1532.8 398.9 1930.5 839.7 
067 1.000 1535.1 423.9 2085.6 933.3 
067 1.000 1536.4 469.0 1985.8 953.1 
067 1.000 1555.2 455.2 1951.5 973.3 
067 1.000 1558.4 454.3 1949.6 965.7 
067 1.000 1559.0 453.6 1940.9 975.0 
067 1.000 1577.4 432.6 1950.4 837.1 
067 1.000 1552.0 455.9 1995.5 949.6 
067 1.000 1553.9 449.0 1985.9 959.4 
067 1.000 1541.7 456.0 1956.1 796.4 
067 1.000 1547.2 451.0 1959.3 792.9 
074 1.000 908.8 472.2 1363.2 984.9 
074 1.000 906.5 484.1 1358.6 995.8 
074 1.000 911.7 493.2 1326.1 1058.3 
074 1.000 919.3 494.6 1324.1 1040.6 
074 1.000 900.5 484.5 1363.0 1045.8 
074 1.000 899.3 501.2 1378.9 1037.7 
074 1.000 903.9 490.1 1371.4 1034.8 
074 1.000 906.1 484.7 1372.2 1025.2 
074 1.000 900.5 444.3 1372.4 991.5 
074 1.000 904.0 447.0 1362.2 999.9 
074 1.000 904.1 474.3 1363.4 1019.6 
074 1.000 908.3 468.3 1336.1 1004.2 
074 1.000 906.7 466.0 1368.1 1016.6 
074 1.000 909.4 430.7 1299.4 842.1 
074 1.000 885.1 498.1 1336.8 980.8 
074 1.000 885.4 496.5 1349.1 978.8 
074 1.000 917.0 479.0 1313.6 999.6 
074 1.000 920.5 448.9 1319.8 975.4 
074 1.000 903.0 465.8 1323.4 993.0 
074 1.000 918.7 483.1 1358.3 992.1 
074 1.000 916.0 493.4 1371.4 987.6 
