003 1.000 288.8 425.4 317.8 479.8 
003 1.000 288.6 425.4 317.5 479.5 
003 1.000 288.9 425.5 317.5 479.5 
003 1.000 288.4 425.7 317.1 478.7 
018 1.000 1876.9 654.9 2303.2 1076.4 
018 1.000 1892.1 647.2 2308.4 1070.0 
018 1.000 2448.2 3935.3 2790.5 4672.3 
018 1.000 2445.7 3936.9 2790.1 4669.8 
018 1.000 2449.5 3932.2 2791.5 4670.1 
018 1.000 1897.2 650.0 2282.2 1055.0 
018 1.000 1895.7 641.1 2286.6 1052.8 
018 1.000 1894.6 648.2 2282.3 1059.2 
018 1.000 1903.4 645.5 2275.7 1050.1 
018 1.000 1902.1 631.7 2310.2 1089.6 
018 1.000 1928.0 626.4 2320.2 1085.7 
018 1.000 1927.0 611.4 2336.9 1079.6 
018 1.000 2475.2 3960.5 2757.4 4624.4 
018 1.000 2478.7 3961.7 2761.4 4627.2 
018 1.000 1874.5 648.3 2345.1 1061.2 
018 1.000 1869.9 648.9 2339.5 1061.9 
018 1.000 1875.5 648.2 2347.9 1066.9 
018 1.000 1853.2 624.0 2315.2 1091.8 
018 1.000 1865.0 624.9 2320.1 1088.9 
018 1.000 1923.2 656.0 2309.4 1071.1 
018 1.000 1922.2 655.7 2310.7 1070.3 
018 1.000 1923.8 656.6 2308.8 1071.8 
018 1.000 1926.4 654.6 2313.1 1054.6 
036 1.000 607.1 464.0 874.5 737.9 
036 1.000 609.6 467.0 881.4 751.5 
036 1.000 607.6 480.8 876.3 743.5 
036 1.000 595.8 459.4 875.6 746.7 
036 1.000 598.2 460.1 874.9 745.9 
036 1.000 606.0 441.8 901.3 767.3 
036 1.000 604.9 453.0 903.7 753.9 
036 1.000 611.5 447.1 886.3 782.9 
036 1.000 598.9 491.3 894.4 726.6 
036 1.000 601.6 485.9 895.4 730.5 
036 1.000 601.8 486.1 891.3 730.4 
036 1.000 600.8 469.1 893.0 750.5 
036 1.000 600.2 470.5 889.6 750.9 
036 1.000 587.8 478.4 872.7 744.7 
036 1.000 628.4 478.1 873.2 740.2 
036 1.000 628.4 478.6 872.3 740.3 
036 1.000 627.1 477.4 873.8 736.8 
036 1.000 622.7 472.0 861.3 750.9 
043 1.000 536.3 342.5 2674.9 2409.1 
043 1.000 628.0 262.3 2632.4 2390.8 
043 1.000 735.9 374.7 2882.6 2712.0 
043 1.000 747.6 405.9 2630.5 2906.5 
043 1.000 752.0 342.5 2570.2 2840.0 
043 1.000 545.5 292.8 2433.0 1783.7 
043 1.000 545.6 284.0 2450.5 1766.9 
043 1.000 572.7 211.2 2580.8 2303.7 
043 1.000 593.2 197.4 2620.6 2319.5 
043 1.000 582.5 200.6 2625.9 2303.9 
043 1.000 652.9 298.0 2520.9 2018.8 
043 1.000 655.6 307.7 2519.4 2014.6 
043 1.000 585.8 265.1 2472.3 1991.7 
043 1.000 714.3 281.5 2436.6 1780.3 
043 1.000 706.4 230.9 2466.6 1781.6 
043 1.000 603.5 120.3 2753.7 2460.4 
043 1.000 634.3 98.5 2750.8 2442.7 
043 1.000 702.6 112.4 2608.5 2097.7 
043 1.000 704.9 183.8 2583.7 2109.9 
043 1.000 634.3 163.7 2652.9 2649.4 
043 1.000 703.4 386.1 3002.5 2862.5 
043 1.000 537.5 332.0 2938.4 2346.2 
043 1.000 569.0 354.0 2905.5 2385.3 
043 1.000 719.9 29.7 2780.5 2687.6 
043 1.000 734.0 194.1 2487.5 2002.5 
043 1.000 758.3 318.5 2476.2 2054.8 
043 1.000 301.2 299.9 2504.4 2584.6 
043 1.000 535.2 259.3 2809.4 2716.4 
043 1.000 730.8 358.2 2702.0 2845.2 
043 1.000 816.1 669.0 2004.0 1736.9 
043 1.000 849.0 669.8 2045.4 1743.8 
043 1.000 615.6 79.5 2496.2 2065.0 
043 1.000 610.6 106.4 2488.1 2086.0 
043 1.000 588.3 320.3 3200.1 2553.8 
043 1.000 688.8 452.5 2648.2 2566.8 
043 1.000 733.3 383.1 2748.2 2532.8 
043 1.000 683.5 377.4 2733.0 2482.7 
043 1.000 670.6 292.0 2563.1 2163.3 
043 1.000 662.4 264.6 2554.8 2151.0 
043 1.000 623.8 318.5 2535.0 2174.4 
043 1.000 708.3 384.1 2627.2 2443.4 
043 1.000 708.6 379.9 2582.9 2408.7 
043 1.000 681.6 323.2 2406.5 2030.0 
043 1.000 686.4 322.0 2403.6 2024.5 
043 1.000 694.9 328.7 2380.3 2010.8 
043 1.000 809.0 368.4 2688.1 2801.1 
043 1.000 790.5 242.1 2615.3 2700.1 
043 1.000 669.8 89.2 2546.1 2066.7 
043 1.000 710.0 44.2 2562.0 2068.0 
043 1.000 759.3 651.3 2054.9 1755.9 
043 1.000 687.7 262.5 2571.6 1874.0 
043 1.000 679.0 139.1 2638.2 1841.2 
038 1.000 2421.6 37.9 2877.4 548.3 
038 1.000 2417.5 67.7 2869.3 571.5 
038 1.000 2422.4 79.2 2839.5 628.4 
038 1.000 2424.1 74.0 2836.8 621.1 
038 1.000 2415.7 56.5 2895.3 601.6 
038 1.000 2415.8 59.6 2894.2 603.4 
038 1.000 2416.0 87.5 2884.6 623.6 
038 1.000 2418.3 43.9 2881.9 577.7 
038 1.000 2413.1 56.9 2871.2 591.8 
038 1.000 2417.6 61.1 2801.8 448.2 
038 1.000 2410.6 39.7 2913.7 614.0 
038 1.000 2425.6 7.2 2802.7 444.7 
038 1.000 2423.0 88.7 2862.4 569.2 
038 1.000 2401.2 82.2 2859.1 549.8 
038 1.000 2427.2 72.1 2822.6 594.1 
038 1.000 2404.1 32.5 2821.8 551.5 
038 1.000 2434.7 40.6 2838.9 450.1 
038 1.000 2386.3 72.6 2844.6 566.3 
038 1.000 2419.3 67.7 2874.1 561.7 
056 1.000 417.9 80.8 495.2 152.8 
056 1.000 427.5 82.0 488.2 157.0 
056 1.000 428.2 84.0 484.7 160.2 
056 1.000 428.7 85.6 484.4 160.1 
056 1.000 424.0 76.2 494.7 154.3 
056 1.000 426.2 83.2 492.7 157.9 
056 1.000 426.9 83.0 492.2 157.4 
056 1.000 427.0 84.0 493.1 156.3 
056 1.000 428.2 83.2 491.2 157.4 
056 1.000 422.3 81.5 489.8 157.3 
056 1.000 426.5 80.7 494.7 158.9 
056 1.000 425.3 78.7 493.5 154.3 
056 1.000 425.7 82.5 484.7 158.4 
056 1.000 422.7 79.8 490.5 161.7 
056 1.000 423.6 84.4 494.8 156.5 
056 1.000 423.6 83.7 494.1 155.6 
056 1.000 425.6 85.3 495.7 158.9 
056 1.000 430.0 82.5 486.0 158.2 
056 1.000 428.6 85.2 484.7 158.1 
056 1.000 428.5 86.1 485.1 158.4 
056 1.000 423.4 80.7 489.5 157.3 
056 1.000 430.8 81.5 493.8 156.8 
056 1.000 423.3 83.1 489.3 153.2 
067 1.000 1504.0 457.5 1981.7 935.8 
067 1.000 1489.6 449.2 1984.5 921.6 
067 1.000 1546.5 455.6 1992.5 953.6 
067 1.000 1541.3 452.4 1985.9 954.6 
067 1.000 1540.0 457.3 1987.7 950.1 
067 1.000 1549.3 468.1 1961.6 1011.9 
067 1.000 1550.3 467.2 1962.2 1008.0 
067 1.000 1549.9 469.2 1959.8 1010.3 
067 1.000 1553.2 476.8 1953.3 1005.8 
067 1.000 1522.7 428.7 1960.3 904.6 
067 1.000 1542.6 457.9 2007.4 995.8 
067 1.000 1542.6 458.1 2006.1 995.3 
067 1.000 1541.4 461.9 2006.5 999.4 
067 1.000 1543.2 455.3 1995.1 989.0 
067 1.000 1535.1 432.2 1986.6 985.9 
067 1.000 1541.0 427.3 1999.0 970.2 
067 1.000 1535.2 433.8 1982.8 987.6 
067 1.000 1548.4 423.9 1967.4 828.1 
067 1.000 1560.3 438.7 1963.8 830.3 
067 1.000 1481.8 431.3 2020.9 949.7 
067 1.000 1526.1 446.3 2002.8 976.9 
067 1.000 1538.8 468.7 1961.8 999.2 
067 1.000 1540.7 459.3 1965.9 984.3 
067 1.000 1534.8 451.3 1992.2 1010.3 
067 1.000 1532.3 422.2 1997.7 1003.4 
067 1.000 1536.5 465.4 1971.6 959.5 
067 1.000 1537.8 467.2 1972.9 965.8 
067 1.000 1520.4 438.1 1997.2 915.4 
067 1.000 1527.8 444.1 1982.8 929.3 
067 1.000 1556.1 456.1 1943.4 981.2 
067 1.000 1555.9 454.0 1942.2 978.4 
067 1.000 1557.8 451.9 1941.0 968.4 
067 1.000 1559.0 453.6 1940.9 975.0 
067 1.000 1559.2 442.3 1955.6 838.8 
067 1.000 1550.4 453.5 1996.8 950.3 
067 1.000 1550.7 453.0 1995.3 948.3 
067 1.000 1554.9 452.9 1988.9 955.4 
067 1.000 1545.9 456.1 1985.7 965.4 
074 1.000 904.3 481.2 1356.0 1003.6 
074 1.000 908.1 469.0 1361.1 982.3 
074 1.000 910.5 482.6 1352.5 994.4 
074 1.000 913.2 491.8 1329.3 1048.9 
074 1.000 913.1 479.5 1331.0 1031.3 
074 1.000 913.3 491.5 1328.1 1040.7 
074 1.000 908.4 470.7 1376.4 1037.6 
074 1.000 898.9 500.7 1373.5 1033.5 
074 1.000 905.5 474.3 1373.7 1017.6 
074 1.000 904.8 481.3 1373.1 1024.1 
074 1.000 906.1 484.7 1372.2 1025.2 
074 1.000 907.8 459.4 1362.9 998.4 
074 1.000 904.1 468.4 1367.2 1010.8 
074 1.000 905.5 456.6 1368.8 1001.2 
074 1.000 904.1 474.3 1363.4 1019.6 
074 1.000 906.7 479.8 1331.0 1023.0 
074 1.000 885.1 498.1 1336.8 980.8 
074 1.000 885.4 496.5 1349.1 978.8 
074 1.000 918.7 482.8 1313.1 1017.1 
074 1.000 919.4 467.1 1324.3 995.5 
074 1.000 917.0 479.0 1313.6 999.6 
074 1.000 922.1 455.8 1310.9 980.8 
074 1.000 922.9 401.2 1345.3 856.2 
074 1.000 897.7 462.2 1330.9 998.7 
074 1.000 919.6 480.7 1360.3 988.6 
074 1.000 919.7 481.6 1361.7 984.4 
074 1.000 918.7 483.1 1358.3 992.1 
074 1.000 910.7 500.1 1364.4 997.1 
074 1.000 908.7 471.5 1317.6 823.0 
