003 1.000 288.8 425.4 317.8 479.8 
003 1.000 288.6 425.4 317.5 479.5 
003 1.000 288.9 425.5 317.5 479.5 
003 1.000 288.4 425.7 317.1 478.7 
018 1.000 1926.4 731.4 2187.8 938.5 
018 1.000 1918.6 645.9 2278.4 969.7 
036 1.000 611.4 470.0 881.4 745.9 
036 1.000 612.3 470.2 881.1 744.9 
036 1.000 612.2 470.3 880.8 743.0 
036 1.000 610.8 470.6 882.5 736.5 
036 1.000 602.6 462.6 893.4 789.3 
036 1.000 604.5 450.9 898.1 783.9 
036 1.000 600.0 459.3 890.8 782.3 
036 1.000 636.3 498.4 899.9 833.6 
036 1.000 626.1 482.1 863.2 804.8 
036 1.000 597.3 456.4 877.5 751.2 
036 1.000 597.0 456.5 877.0 750.1 
036 1.000 596.7 456.6 876.2 750.8 
036 1.000 599.1 460.3 872.7 748.7 
036 1.000 595.9 465.9 867.1 709.7 
036 1.000 606.1 443.2 900.9 768.8 
036 1.000 606.0 444.2 899.7 768.6 
036 1.000 606.0 444.9 899.8 767.3 
036 1.000 611.8 442.9 898.7 760.7 
036 1.000 623.2 454.0 878.0 721.6 
036 1.000 617.1 445.1 883.7 717.7 
036 1.000 632.8 474.2 864.4 762.0 
036 1.000 596.3 453.7 898.7 805.3 
036 1.000 601.0 484.4 896.5 733.9 
036 1.000 601.4 484.5 896.0 733.1 
036 1.000 602.3 485.0 895.4 731.6 
036 1.000 592.9 491.3 888.4 738.5 
036 1.000 608.3 458.8 908.8 795.1 
036 1.000 624.4 475.1 914.2 805.3 
036 1.000 597.1 473.4 866.5 748.3 
036 1.000 597.7 473.8 866.2 747.4 
036 1.000 598.6 473.9 865.7 747.4 
036 1.000 624.9 466.5 878.6 801.2 
036 1.000 621.4 450.2 901.0 811.3 
036 1.000 605.1 447.2 863.8 717.0 
036 1.000 602.7 452.0 864.2 716.9 
036 1.000 607.7 469.8 926.0 780.0 
036 1.000 602.0 461.7 917.5 779.2 
036 1.000 620.7 498.6 881.5 787.4 
036 1.000 618.0 495.0 879.1 784.7 
036 1.000 614.9 482.5 874.9 738.2 
036 1.000 629.2 480.7 875.2 742.9 
036 1.000 629.3 480.8 874.9 742.6 
036 1.000 630.4 480.3 874.8 740.4 
036 1.000 626.5 474.8 870.5 734.0 
036 1.000 621.0 467.7 855.6 713.5 
036 1.000 611.8 459.0 855.3 706.7 
036 1.000 608.3 449.7 872.9 788.2 
036 1.000 597.9 431.5 863.0 777.9 
036 1.000 608.6 442.7 869.3 710.3 
036 1.000 609.9 435.8 866.3 707.9 
036 1.000 626.3 489.8 887.3 791.1 
036 1.000 611.3 453.9 901.5 784.5 
036 1.000 608.6 457.3 896.1 776.6 
036 1.000 627.7 475.0 891.0 788.3 
036 1.000 616.4 482.1 868.0 702.5 
036 1.000 4898.8 522.1 5166.4 914.7 
043 1.000 411.3 5908.7 463.0 5923.8 
038 1.000 2394.2 72.9 2820.2 401.7 
038 1.000 2373.9 72.7 2831.8 504.5 
038 1.000 2430.1 72.7 2832.7 441.2 
038 1.000 2434.1 62.9 2829.2 437.0 
038 1.000 2413.8 56.3 2794.3 396.5 
038 1.000 2423.7 58.7 2831.4 405.7 
038 1.000 2431.6 20.4 2828.8 461.6 
038 1.000 2415.2 46.6 2806.4 446.0 
038 1.000 2439.5 60.3 2819.3 434.1 
038 1.000 2415.1 39.6 2802.8 442.7 
038 1.000 2425.7 162.3 2716.8 381.8 
038 1.000 2427.6 22.6 2829.1 447.9 
038 1.000 2407.7 62.1 2813.7 455.0 
038 1.000 2415.8 79.5 2814.0 456.2 
038 1.000 2432.3 55.0 2830.3 583.2 
038 1.000 2430.0 61.5 2830.6 580.9 
038 1.000 2400.4 13.0 2827.4 457.7 
038 1.000 2439.9 56.8 2833.4 466.2 
056 1.000 417.9 80.8 495.2 152.8 
056 1.000 427.5 82.0 488.2 157.0 
056 1.000 428.2 84.0 484.7 160.2 
056 1.000 428.7 85.6 484.4 160.1 
056 1.000 424.0 76.2 494.7 154.3 
056 1.000 426.2 83.2 492.7 157.9 
056 1.000 426.9 83.0 492.2 157.4 
056 1.000 427.0 84.0 493.1 156.3 
056 1.000 428.2 83.2 491.2 157.4 
056 1.000 422.3 81.5 489.8 157.3 
056 1.000 426.5 80.7 494.7 158.9 
056 1.000 425.3 78.7 493.5 154.3 
056 1.000 425.7 82.5 484.7 158.4 
056 1.000 422.7 79.8 490.5 161.7 
056 1.000 423.6 84.4 494.8 156.5 
056 1.000 423.6 83.7 494.1 155.6 
056 1.000 425.6 85.3 495.7 158.9 
056 1.000 430.0 82.5 486.0 158.2 
056 1.000 428.6 85.2 484.7 158.1 
056 1.000 428.5 86.1 485.1 158.4 
056 1.000 423.4 80.7 489.5 157.3 
056 1.000 430.8 81.5 493.8 156.8 
056 1.000 423.3 83.1 489.3 153.2 
067 1.000 1509.3 465.1 2013.0 943.3 
067 1.000 1506.8 453.8 1995.5 924.9 
067 1.000 1519.1 453.2 1996.5 932.8 
067 1.000 1549.5 453.5 1993.6 958.2 
067 1.000 1549.9 451.7 1993.7 956.9 
067 1.000 1552.1 447.3 1996.6 954.1 
067 1.000 1536.7 450.8 1982.3 971.8 
067 1.000 1427.0 400.2 2015.2 1001.1 
067 1.000 1534.4 435.3 1954.8 827.8 
067 1.000 1629.2 988.0 1629.2 988.1 
067 1.000 1512.9 438.1 2003.3 943.7 
067 1.000 1560.5 430.6 1976.9 860.0 
067 1.000 1546.0 454.8 2012.8 994.5 
067 1.000 1546.5 454.9 2012.0 992.2 
067 1.000 1547.2 455.4 2012.4 992.0 
067 1.000 1543.2 447.1 1996.1 988.6 
067 1.000 1472.0 462.7 2027.1 922.4 
067 1.000 1501.9 467.4 2069.8 933.2 
067 1.000 1546.5 439.0 2003.9 977.5 
067 1.000 1546.2 442.3 2001.8 977.5 
067 1.000 1546.2 445.0 1999.5 979.4 
067 1.000 1530.6 436.7 1989.7 990.5 
067 1.000 1544.4 459.2 1936.9 849.5 
067 1.000 1564.1 460.7 1932.7 837.7 
067 1.000 1537.1 436.7 2002.1 973.2 
067 1.000 1548.1 454.9 1971.0 988.1 
067 1.000 1547.9 448.1 2000.9 1000.4 
067 1.000 1531.6 410.0 1952.1 843.1 
067 1.000 1544.5 406.5 1945.2 843.1 
067 1.000 1567.8 495.9 1989.1 888.5 
067 1.000 1534.8 476.5 2009.5 972.9 
067 1.000 1533.3 474.9 2008.5 969.6 
067 1.000 1531.7 476.6 2002.8 968.5 
067 1.000 1538.6 475.6 1995.8 964.2 
067 1.000 1547.1 468.1 2000.8 937.8 
067 1.000 1536.7 473.9 1984.1 940.3 
067 1.000 1548.9 425.6 1975.9 847.1 
067 1.000 1558.9 447.2 1950.9 971.2 
067 1.000 1559.5 448.0 1951.5 972.8 
067 1.000 1560.8 450.6 1948.6 972.9 
067 1.000 1558.9 454.1 1947.0 977.3 
067 1.000 1560.6 396.5 1961.9 847.0 
067 1.000 1565.1 404.0 1973.9 831.0 
067 1.000 1532.5 455.6 1962.8 982.5 
067 1.000 1561.6 456.8 2004.5 952.3 
067 1.000 1561.9 456.6 2003.6 951.0 
067 1.000 1563.7 458.1 2002.0 949.3 
067 1.000 1545.7 470.5 1995.2 968.8 
067 1.000 1543.2 471.1 1966.4 801.3 
067 1.000 1547.9 469.0 1961.8 798.9 
067 1.000 8341.1 5959.3 8341.9 5959.6 
067 1.000 8421.6 5773.8 8421.9 5773.9 
067 1.000 8324.0 6818.0 8324.0 6818.1 
074 1.000 883.8 459.4 1381.4 938.2 
074 1.000 891.7 475.1 1365.3 958.2 
074 1.000 910.4 471.1 1362.1 983.8 
074 1.000 910.8 469.2 1363.0 980.5 
074 1.000 914.9 464.4 1365.3 976.0 
074 1.000 892.4 471.0 1352.8 988.5 
074 1.000 904.5 468.6 1325.0 804.8 
074 1.000 862.7 476.3 1315.9 928.1 
074 1.000 902.9 491.4 1327.1 850.5 
074 1.000 880.8 455.9 1313.7 851.7 
074 1.000 905.5 464.1 1333.4 878.4 
074 1.000 940.1 454.4 1346.4 873.6 
074 1.000 863.2 494.3 1406.6 947.2 
074 1.000 906.8 457.9 1366.7 1001.4 
074 1.000 832.6 464.0 1349.8 977.2 
074 1.000 899.5 445.7 1366.9 994.3 
074 1.000 921.2 581.2 1207.6 797.7 
074 1.000 921.1 414.8 1316.8 861.4 
074 1.000 917.1 429.6 1313.0 862.0 
074 1.000 908.4 496.7 1368.3 979.1 
074 1.000 906.6 500.4 1364.8 985.3 
074 1.000 905.4 504.0 1366.5 986.7 
074 1.000 911.6 503.9 1368.7 981.1 
074 1.000 909.9 454.0 1352.6 890.1 
074 1.000 886.7 435.7 1358.5 876.0 
074 1.000 909.7 487.0 1338.1 944.6 
074 1.000 908.4 459.2 1325.2 866.3 
074 1.000 902.6 441.6 1338.8 863.2 
074 1.000 920.0 464.9 1320.9 995.0 
074 1.000 920.1 465.0 1318.8 993.6 
074 1.000 921.7 467.8 1317.3 995.0 
074 1.000 936.7 475.6 1330.5 986.7 
074 1.000 924.9 430.5 1333.9 862.5 
074 1.000 890.2 484.0 1328.1 996.3 
074 1.000 922.6 473.7 1372.6 976.3 
074 1.000 922.8 474.1 1371.3 975.6 
074 1.000 922.8 476.1 1368.5 973.8 
074 1.000 924.8 473.5 1365.0 966.8 
074 1.000 941.2 543.5 1241.1 796.8 
074 1.000 914.8 473.1 1324.7 825.9 
074 1.000 916.0 433.3 1338.8 812.4 
074 1.000 7123.6 5167.4 7123.7 5167.7 
