003 1.000 288.4 425.7 317.1 478.7 
018 1.000 2443.9 3923.2 2776.7 4676.4 
018 1.000 1902.0 644.2 2274.0 1045.1 
018 1.000 2470.9 3962.4 2751.8 4650.2 
018 1.000 2480.2 3950.7 2763.2 4627.6 
018 1.000 1934.5 652.7 2313.2 1065.8 
036 1.000 607.5 474.6 876.4 735.4 
036 1.000 596.2 460.9 871.7 745.5 
036 1.000 610.9 445.6 889.5 782.9 
036 1.000 630.1 466.7 870.0 719.9 
036 1.000 598.9 489.7 892.9 732.1 
036 1.000 599.2 478.8 892.2 724.4 
036 1.000 600.4 466.0 850.2 746.6 
036 1.000 632.1 484.6 864.5 748.6 
043 1.000 609.7 321.5 2416.1 1784.2 
043 1.000 554.0 341.5 2351.1 1783.6 
043 1.000 589.4 280.5 2496.3 2021.8 
043 1.000 667.1 325.4 2518.9 2018.8 
043 1.000 662.5 312.5 2502.7 2002.7 
043 1.000 720.3 285.2 2444.3 1767.6 
043 1.000 699.0 313.8 2442.8 1799.1 
043 1.000 704.7 165.0 2590.5 2113.6 
043 1.000 701.0 176.5 2570.8 2112.6 
043 1.000 393.6 430.6 2793.3 2386.8 
043 1.000 831.1 652.1 1937.4 1878.0 
043 1.000 678.8 292.3 2830.7 2740.4 
043 1.000 614.1 93.2 2486.0 2073.9 
043 1.000 710.3 445.7 2623.7 2531.0 
043 1.000 675.6 243.9 2595.9 2126.2 
043 1.000 637.3 244.7 2576.4 2142.4 
043 1.000 687.2 330.3 2592.7 2165.6 
043 1.000 682.4 320.1 2408.0 2022.7 
043 1.000 684.6 328.2 2412.1 2022.9 
043 1.000 692.0 323.9 2375.1 2005.3 
043 1.000 705.1 315.5 2467.3 2115.6 
043 1.000 671.8 127.1 2516.5 2100.3 
043 1.000 773.6 384.5 2736.8 2640.8 
043 1.000 676.3 267.1 2533.6 1884.9 
038 1.000 2418.3 84.0 2880.9 553.1 
038 1.000 2418.5 56.5 2881.2 555.6 
056 1.000 426.6 82.3 488.3 154.8 
056 1.000 428.8 85.4 483.7 160.8 
056 1.000 423.1 81.9 500.1 171.0 
056 1.000 427.0 84.5 495.7 159.1 
056 1.000 426.9 84.4 490.7 157.4 
056 1.000 426.3 77.8 493.7 157.8 
056 1.000 427.3 84.6 485.8 157.4 
056 1.000 425.2 84.1 495.6 158.2 
056 1.000 429.5 81.8 482.2 158.3 
056 1.000 425.7 80.1 484.8 136.3 
056 1.000 424.6 80.3 486.2 157.7 
056 1.000 425.1 82.5 489.5 154.1 
067 1.000 1550.5 477.1 1971.7 1022.1 
067 1.000 1550.1 467.7 1960.1 1010.1 
067 1.000 1556.5 475.6 1954.1 1019.2 
067 1.000 1541.4 461.9 2006.5 999.4 
067 1.000 1538.9 451.6 1973.7 988.3 
067 1.000 1535.2 433.8 1982.8 987.6 
067 1.000 1525.4 436.2 1986.8 983.3 
067 1.000 1531.7 442.6 2007.3 971.0 
067 1.000 1538.1 468.9 1961.8 1000.0 
067 1.000 1540.7 459.3 1965.9 984.3 
067 1.000 1532.3 422.2 1997.7 1003.4 
067 1.000 1528.3 436.1 2072.6 930.6 
067 1.000 1536.4 469.0 1985.8 953.1 
067 1.000 1558.5 452.7 1941.3 971.1 
067 1.000 1555.9 453.5 1927.8 985.7 
067 1.000 1554.8 449.6 1983.6 963.7 
067 1.000 1540.7 456.4 1955.5 796.3 
067 1.000 1543.7 448.7 1955.7 795.0 
074 1.000 908.3 484.2 1359.0 993.6 
074 1.000 890.0 493.7 1358.4 1051.0 
074 1.000 893.3 500.6 1369.8 1031.2 
074 1.000 907.3 472.0 1381.4 1005.2 
074 1.000 900.8 435.3 1377.9 991.4 
074 1.000 904.6 469.6 1368.1 1001.0 
074 1.000 907.7 476.1 1332.3 1014.9 
074 1.000 903.4 467.1 1353.9 1032.4 
074 1.000 884.3 497.5 1345.1 981.8 
074 1.000 917.0 473.3 1317.3 988.0 
074 1.000 920.5 448.9 1319.8 975.4 
074 1.000 916.0 493.4 1371.4 987.6 
003 1.000 288.4 425.7 317.1 478.7 
018 1.000 1898.2 661.1 2272.6 979.0 
036 1.000 611.4 470.0 881.4 746.4 
036 1.000 611.6 470.0 881.3 745.7 
036 1.000 611.6 470.2 881.1 743.1 
036 1.000 610.8 470.6 882.5 736.5 
036 1.000 610.9 450.1 894.8 780.0 
036 1.000 597.1 456.1 877.8 750.4 
036 1.000 596.7 456.2 876.7 749.6 
036 1.000 597.4 456.4 877.1 750.2 
036 1.000 598.5 458.1 874.7 746.6 
036 1.000 604.3 473.6 866.8 715.8 
036 1.000 606.1 443.4 901.0 768.9 
036 1.000 605.9 444.4 899.7 768.7 
036 1.000 606.0 445.1 899.6 767.3 
036 1.000 625.9 470.6 869.4 725.4 
036 1.000 604.6 458.7 902.5 811.3 
036 1.000 600.8 484.5 896.3 734.0 
036 1.000 601.4 484.6 895.9 733.1 
036 1.000 601.8 485.3 896.7 732.6 
036 1.000 597.9 483.9 894.5 735.1 
036 1.000 597.0 473.2 866.6 747.4 
036 1.000 597.6 473.8 866.2 747.2 
036 1.000 598.6 473.9 865.7 747.5 
036 1.000 607.1 459.3 903.8 795.2 
036 1.000 629.2 480.5 875.3 742.9 
036 1.000 629.2 480.8 874.6 742.2 
036 1.000 630.3 480.6 875.3 740.7 
036 1.000 626.5 474.8 870.5 734.0 
036 1.000 628.6 484.0 880.5 805.1 
036 1.000 613.9 444.1 867.6 714.0 
036 1.000 612.5 455.9 893.9 775.9 
038 1.000 2398.8 74.9 2811.7 394.1 
038 1.000 2394.4 51.0 2833.9 507.8 
038 1.000 2411.1 27.6 2821.1 440.8 
038 1.000 2409.2 51.0 2825.6 447.8 
038 1.000 2432.8 53.0 2830.5 576.2 
038 1.000 2429.6 57.2 2830.0 579.3 
038 1.000 5827.5 2067.3 6897.5 2963.2 
056 1.000 426.6 82.3 488.3 154.8 
056 1.000 428.8 85.4 483.7 160.8 
056 1.000 423.1 81.9 500.1 171.0 
056 1.000 427.0 84.5 495.7 159.1 
056 1.000 426.9 84.4 490.7 157.4 
056 1.000 426.3 77.8 493.7 157.8 
056 1.000 427.3 84.6 485.8 157.4 
056 1.000 425.2 84.1 495.6 158.2 
056 1.000 429.5 81.8 482.2 158.3 
056 1.000 425.7 80.1 484.8 136.3 
056 1.000 424.6 80.3 486.2 157.7 
056 1.000 425.1 82.5 489.5 154.1 
067 1.000 1503.0 459.2 1992.8 926.6 
067 1.000 1549.4 452.1 1994.3 957.6 
067 1.000 1549.9 450.8 1993.8 954.6 
067 1.000 1550.6 451.4 1993.0 954.2 
067 1.000 1502.1 453.8 1931.2 787.6 
067 1.000 1519.4 437.0 1977.5 918.4 
067 1.000 1509.2 437.4 1943.4 897.2 
067 1.000 1519.4 447.8 1944.9 840.6 
067 1.000 1547.8 473.2 1951.4 829.3 
067 1.000 1552.5 429.5 1976.8 793.9 
067 1.000 1520.1 449.8 2009.9 946.0 
067 1.000 1542.9 422.4 1966.7 848.3 
067 1.000 1535.1 407.4 1964.5 858.6 
067 1.000 1545.8 455.2 2011.1 994.9 
067 1.000 1546.1 455.5 2011.0 993.4 
067 1.000 1545.9 457.7 2012.5 995.4 
067 1.000 1542.2 443.5 1997.1 986.0 
067 1.000 1506.4 465.1 2071.8 930.1 
067 1.000 1546.4 440.2 2003.9 978.5 
067 1.000 1545.6 442.6 2000.7 977.5 
067 1.000 1546.2 442.6 1999.7 976.7 
067 1.000 1546.3 431.9 2000.4 970.7 
067 1.000 1569.5 450.2 1943.3 845.2 
067 1.000 1482.7 443.0 1998.4 962.3 
067 1.000 1536.4 435.5 2003.2 974.6 
067 1.000 1548.1 455.7 1970.7 986.6 
067 1.000 1546.9 463.9 1965.2 992.0 
067 1.000 1547.1 448.7 1999.7 999.0 
067 1.000 1536.6 410.9 1953.1 839.1 
067 1.000 1533.7 475.2 2007.6 970.8 
067 1.000 1540.9 477.2 2013.2 974.3 
067 1.000 1540.0 478.1 2011.3 974.7 
067 1.000 1540.1 475.2 1996.8 966.9 
067 1.000 1559.1 446.2 1951.8 970.5 
067 1.000 1559.2 446.4 1950.8 970.5 
067 1.000 1561.3 449.3 1948.0 970.3 
067 1.000 1557.9 452.4 1945.0 977.9 
067 1.000 1556.9 414.4 1954.9 838.2 
067 1.000 1563.4 406.4 1966.4 834.1 
067 1.000 1531.9 454.9 1962.0 981.2 
067 1.000 1562.0 456.2 2005.2 951.6 
067 1.000 1562.2 457.2 2003.9 951.3 
067 1.000 1562.8 457.3 2001.1 949.0 
067 1.000 1558.9 461.5 1993.0 952.6 
067 1.000 1557.5 438.1 1971.0 801.1 
067 1.000 1558.3 443.5 1965.6 798.7 
074 1.000 910.3 469.8 1362.4 982.8 
074 1.000 910.8 469.0 1362.2 980.7 
074 1.000 911.5 468.2 1360.2 979.0 
074 1.000 894.7 470.3 1312.1 815.3 
074 1.000 881.8 444.9 1332.2 912.0 
074 1.000 920.6 452.5 1333.3 849.5 
074 1.000 912.1 483.9 1318.0 855.5 
074 1.000 910.3 467.0 1320.3 829.5 
074 1.000 877.2 382.8 1396.7 943.4 
074 1.000 932.6 464.1 1344.3 900.5 
074 1.000 910.5 451.5 1333.5 870.6 
074 1.000 939.4 447.7 1345.7 870.9 
074 1.000 907.1 457.8 1369.0 998.9 
074 1.000 906.4 462.5 1363.8 997.2 
074 1.000 923.1 477.2 1311.3 861.4 
074 1.000 931.3 469.5 1308.1 858.3 
074 1.000 927.4 573.7 1210.7 793.6 
074 1.000 897.7 496.3 1369.3 980.8 
074 1.000 904.3 497.2 1364.1 984.0 
074 1.000 904.8 499.6 1359.7 983.1 
074 1.000 907.0 497.4 1364.7 976.6 
074 1.000 920.1 464.8 1320.3 994.6 
074 1.000 920.4 465.5 1320.0 994.3 
074 1.000 921.8 468.7 1317.6 995.6 
074 1.000 925.1 472.6 1321.5 993.5 
074 1.000 919.8 449.2 1322.3 888.7 
074 1.000 924.2 428.7 1327.4 858.1 
074 1.000 892.1 479.8 1324.6 996.9 
074 1.000 922.5 474.1 1372.4 976.9 
074 1.000 922.6 474.0 1371.5 975.2 
074 1.000 924.0 475.4 1369.5 975.0 
074 1.000 932.2 467.6 1371.3 967.6 
074 1.000 944.3 545.1 1261.9 799.3 
