003 1.000 288.8 425.4 317.8 479.8 
018 1.000 2447.5 3935.1 2792.7 4671.7 
018 1.000 1893.6 641.1 2286.0 1054.3 
018 1.000 1904.6 629.2 2304.4 1081.2 
018 1.000 2474.0 3957.4 2758.5 4625.4 
018 1.000 1870.8 648.9 2347.4 1064.9 
018 1.000 1854.4 625.3 2315.1 1091.6 
018 1.000 1924.7 655.8 2310.7 1072.5 
043 1.000 514.1 286.2 2618.5 2362.8 
043 1.000 598.2 313.8 2425.9 1775.8 
043 1.000 645.9 314.4 2510.2 2038.8 
043 1.000 716.3 279.6 2442.1 1777.2 
043 1.000 714.4 188.7 2590.6 2126.3 
043 1.000 616.4 137.0 2662.7 2615.9 
043 1.000 736.7 243.1 2495.2 1992.0 
043 1.000 528.8 268.8 2803.7 2764.9 
043 1.000 677.3 166.6 2544.5 2084.5 
043 1.000 666.9 305.1 2559.3 2161.9 
043 1.000 694.6 373.7 2638.5 2398.9 
043 1.000 681.2 322.2 2403.4 2028.8 
043 1.000 788.1 382.2 2672.2 2801.5 
043 1.000 723.4 143.2 2560.8 2092.0 
043 1.000 693.8 255.1 2557.6 1874.7 
038 1.000 2418.3 40.5 2872.5 547.1 
038 1.000 2423.2 69.9 2848.3 618.7 
067 1.000 1505.0 461.8 1987.4 945.4 
067 1.000 1539.0 447.8 1978.6 962.1 
067 1.000 1549.7 467.8 1961.1 1009.9 
067 1.000 1542.5 458.0 2007.1 996.1 
067 1.000 1534.7 431.9 1986.4 986.2 
067 1.000 1526.6 446.6 2000.8 978.0 
067 1.000 1537.8 468.8 1961.4 1000.5 
067 1.000 1533.3 450.2 1991.1 1012.8 
074 1.000 901.5 481.6 1356.8 1010.3 
074 1.000 914.6 481.2 1330.2 1034.1 
074 1.000 905.3 475.4 1372.5 1019.7 
074 1.000 904.1 468.4 1367.2 1010.8 
074 1.000 907.6 466.2 1334.6 1007.7 
074 1.000 918.7 482.8 1313.1 1017.1 
074 1.000 886.9 465.6 1336.1 1000.8 
074 1.000 919.6 480.7 1360.3 988.6 
