003 1.000 455.8 171.9 480.4 278.9 
003 1.000 288.8 425.4 317.8 479.8 
003 1.000 288.9 425.4 317.7 479.7 
003 1.000 288.9 425.5 317.5 479.5 
003 1.000 288.8 425.8 317.2 479.1 
018 1.000 1870.1 650.4 2286.3 1082.4 
018 1.000 1892.6 646.2 2310.3 1070.8 
018 1.000 1892.1 647.2 2308.4 1070.0 
018 1.000 1873.6 664.4 2309.7 1099.0 
018 1.000 2447.5 3935.1 2792.7 4671.7 
018 1.000 2446.3 3935.1 2792.8 4669.8 
018 1.000 2449.7 3930.3 2791.9 4663.1 
018 1.000 2393.0 4162.0 2861.8 4775.6 
018 1.000 2345.4 1932.7 2659.1 2299.6 
018 1.000 1893.6 641.1 2286.0 1054.3 
018 1.000 1895.7 641.1 2286.6 1052.8 
018 1.000 1894.6 648.2 2282.3 1059.2 
018 1.000 1899.4 645.3 2274.6 1049.8 
018 1.000 1904.6 629.2 2304.4 1081.2 
018 1.000 1917.8 627.4 2311.6 1090.3 
018 1.000 1928.0 626.4 2320.2 1085.7 
018 1.000 2474.0 3957.4 2758.5 4625.4 
018 1.000 2415.1 3997.5 2752.9 4636.9 
018 1.000 1870.8 648.9 2347.4 1064.9 
018 1.000 1866.0 648.4 2341.5 1064.9 
018 1.000 1875.5 648.2 2347.9 1066.9 
018 1.000 1676.2 697.6 2310.7 1090.9 
018 1.000 1854.4 625.3 2315.1 1091.6 
018 1.000 1864.0 627.3 2318.6 1092.2 
018 1.000 1854.2 624.7 2315.9 1091.5 
018 1.000 1918.2 669.7 2298.4 1093.7 
018 1.000 1924.7 655.8 2310.7 1072.5 
018 1.000 1922.2 655.7 2310.7 1070.3 
018 1.000 1923.8 656.6 2308.8 1071.8 
018 1.000 1926.4 654.6 2313.1 1054.6 
018 1.000 1651.5 804.9 1929.4 1084.8 
036 1.000 605.6 444.5 888.5 746.8 
036 1.000 612.6 454.3 895.0 738.0 
036 1.000 612.9 463.0 883.6 749.0 
036 1.000 606.8 469.6 877.7 739.2 
043 1.000 514.1 286.2 2618.5 2362.8 
043 1.000 658.4 201.7 2716.4 2479.9 
043 1.000 576.0 319.6 2649.6 2417.6 
043 1.000 731.2 231.0 2681.0 2577.7 
043 1.000 640.5 440.0 3046.2 2707.7 
043 1.000 790.0 478.0 2914.8 3131.4 
043 1.000 762.0 280.7 2638.6 2809.7 
043 1.000 582.9 421.6 2631.4 2954.4 
043 1.000 598.2 313.8 2425.9 1775.8 
043 1.000 586.4 295.7 2437.0 1763.6 
043 1.000 566.5 182.6 2738.4 2399.7 
043 1.000 596.5 218.0 2628.1 2326.6 
043 1.000 625.6 211.4 2699.8 2359.8 
043 1.000 645.9 314.4 2510.2 2038.8 
043 1.000 704.8 291.0 2553.2 2045.8 
043 1.000 716.3 279.6 2442.1 1777.2 
043 1.000 717.0 340.4 2436.3 1790.8 
043 1.000 613.4 85.5 2817.5 2759.7 
043 1.000 651.2 105.1 2737.3 2423.2 
043 1.000 417.2 78.9 2441.6 2799.6 
043 1.000 714.4 188.7 2590.6 2126.3 
043 1.000 731.5 170.3 2592.5 2111.6 
043 1.000 579.5 158.1 2722.5 2419.9 
043 1.000 759.5 409.2 3119.3 3025.1 
043 1.000 494.9 356.8 2882.7 2360.2 
043 1.000 -16.9 261.7 2459.6 2486.1 
043 1.000 616.4 137.0 2662.7 2615.9 
043 1.000 732.9 307.4 2988.0 2806.7 
043 1.000 735.9 308.0 2816.2 2800.0 
043 1.000 736.7 243.1 2495.2 1992.0 
043 1.000 685.2 424.9 2432.0 2108.8 
043 1.000 213.8 538.9 2789.0 2766.3 
043 1.000 528.8 268.8 2803.7 2764.9 
043 1.000 745.0 514.7 2722.9 3070.4 
043 1.000 688.9 381.9 2975.3 2949.8 
043 1.000 677.3 166.6 2544.5 2084.5 
043 1.000 672.6 163.3 2538.2 2068.2 
043 1.000 599.4 182.1 2471.3 2270.7 
043 1.000 -4.1 114.4 2799.4 2597.6 
043 1.000 746.1 418.7 2730.2 2551.1 
043 1.000 870.7 204.8 2800.3 2872.4 
043 1.000 687.5 413.3 2585.1 2605.5 
043 1.000 666.9 305.1 2559.3 2161.9 
043 1.000 635.1 290.3 2549.0 2162.2 
043 1.000 592.7 350.9 2549.2 2186.3 
043 1.000 694.6 373.7 2638.5 2398.9 
043 1.000 728.1 342.8 2714.5 2363.8 
043 1.000 731.3 328.4 2661.4 2384.6 
043 1.000 681.2 322.2 2403.4 2028.8 
043 1.000 684.2 325.0 2394.4 2024.9 
043 1.000 695.2 353.7 2391.5 2018.6 
043 1.000 788.1 382.2 2672.2 2801.5 
043 1.000 801.5 366.0 2657.0 2775.1 
043 1.000 723.4 143.2 2560.8 2092.0 
043 1.000 700.5 77.2 2551.1 2072.8 
043 1.000 805.3 326.1 2903.8 2614.8 
043 1.000 775.5 263.5 2764.8 2561.9 
043 1.000 674.5 616.6 2010.8 1792.0 
043 1.000 791.2 600.7 2119.2 1757.9 
043 1.000 693.8 255.1 2557.6 1874.7 
043 1.000 755.4 347.6 2546.5 1876.2 
038 1.000 2418.3 40.5 2872.5 547.1 
038 1.000 2419.5 12.6 2897.4 545.2 
038 1.000 2414.5 66.1 2861.4 579.4 
038 1.000 7252.8 6662.7 7344.5 6770.4 
038 1.000 2423.2 69.9 2848.3 618.7 
038 1.000 2422.4 71.0 2844.5 623.6 
038 1.000 2424.1 74.0 2836.8 621.1 
038 1.000 7292.8 6655.3 7750.6 6959.9 
038 1.000 2350.3 19.2 2885.4 610.0 
038 1.000 2423.8 48.4 2818.3 465.5 
056 1.000 429.2 77.6 495.1 158.8 
056 1.000 429.0 78.9 493.2 157.8 
056 1.000 424.3 86.1 492.8 157.6 
056 1.000 424.9 81.6 483.8 170.4 
056 1.000 414.3 85.3 496.2 175.9 
056 1.000 425.6 61.2 508.9 152.1 
056 1.000 425.5 72.0 497.7 155.3 
056 1.000 427.0 66.6 503.5 153.1 
067 1.000 1505.0 461.8 1987.4 945.4 
067 1.000 1483.2 457.6 1977.0 936.7 
067 1.000 1417.7 464.7 1957.2 922.0 
067 1.000 1539.0 447.8 1978.6 962.1 
067 1.000 1546.7 455.4 1992.9 952.6 
067 1.000 1541.3 452.4 1985.9 954.6 
067 1.000 1539.6 457.0 1987.5 950.3 
067 1.000 1549.7 467.8 1961.1 1009.9 
067 1.000 1551.0 466.1 1961.2 1005.2 
067 1.000 1550.6 467.9 1959.4 1005.0 
067 1.000 1553.7 478.5 1949.4 1010.1 
067 1.000 1521.4 435.8 1976.6 910.9 
067 1.000 1489.5 466.0 1996.4 1087.8 
067 1.000 1478.9 395.3 1965.7 974.3 
067 1.000 1503.9 355.4 2018.3 828.4 
067 1.000 1542.5 458.0 2007.1 996.1 
067 1.000 1542.5 458.2 2005.8 995.5 
067 1.000 1541.3 462.0 2006.2 999.4 
067 1.000 1543.1 457.1 1994.1 995.5 
067 1.000 1389.9 472.9 2003.4 936.7 
074 1.000 901.5 481.6 1356.8 1010.3 
074 1.000 908.0 470.3 1360.7 984.2 
074 1.000 909.0 482.5 1352.5 997.7 
074 1.000 908.5 450.7 1365.8 971.5 
074 1.000 914.6 481.2 1330.2 1034.1 
074 1.000 912.9 480.5 1330.7 1033.5 
074 1.000 913.2 491.4 1327.8 1041.2 
074 1.000 3146.5 378.6 3647.2 677.6 
074 1.000 3955.1 6069.9 4106.6 6289.9 
074 1.000 708.2 301.5 1355.1 851.1 
074 1.000 872.3 479.0 1354.2 1053.6 
074 1.000 814.8 517.7 1533.3 1245.9 
074 1.000 846.2 412.9 1367.1 941.6 
074 1.000 921.3 527.2 1342.2 909.2 
074 1.000 889.3 525.8 1427.1 892.5 
074 1.000 1946.9 488.3 4176.1 1306.1 
